100
120
60 75
75 19
18 19
41 19
17 75
60 24
2 41
62 41
75 13
99 18
92 99
96 75
10 41
13 42
92 50
67 2
13 63
96 21
22 50
96 72
21 78
9 50
10 54
93 96
60 81
99 56
56 71
76 62
19 79
10 45
84 62
78 65
90 54
9 8
99 89
50 100
63 20
78 48
45 58
1 22
23 72
48 64
78 74
2 51
23 73
47 62
11 9
13 80
3 73
98 20
18 70
33 93
90 55
21 31
82 63
79 7
13 28
10 36
49 45
3 66
60 5
20 95
99 69
76 29
9 38
25 22
25 59
40 25
88 99
23 87
24 37
57 75
37 43
42 30
88 16
17 53
41 97
8 61
64 46
89 26
55 44
48 94
15 88
91 92
12 8
33 39
62 4
6 39
82 77
83 25
34 72
68 15
86 6
9 52
100 14
22 32
85 44
35 72
63 27
74 15
65 33
61 31
42 100
58 2
39 43
87 41
89 40
75 7
73 6
46 51
62 37
15 41
3 44
50 17
32 87
69 96
43 26
97 33
20 35
26 8